    52.000 	    279.150 	   1.285397      -0.516      -2.483 	      0.429
   117.000 	    278.950 	   1.276328      -0.825      -3.973 	      0.686
   149.000 	    278.650 	   1.272701      -1.031      -4.966 	      0.857
   297.000 	    277.350 	   1.256058      -2.345      -6.521 	      1.960
   403.000 	    276.450 	   1.243765      -2.969      -6.675 	      2.484
   552.000 	    275.150 	   1.226852      -3.176      -5.891 	      2.660
   678.000 	    273.950 	   1.213151      -3.909      -5.082 	      3.279
   721.000 	    273.650 	   1.208116      -4.524      -4.119 	      3.798
   729.000 	    273.550 	   1.207284      -4.631      -3.910 	      3.889
   763.000 	    273.750 	   1.201311      -4.321      -2.500 	      3.631
   789.000 	    273.950 	   1.196619      -3.768      -1.494 	      3.167
   798.000 	    274.950 	   1.191000      -3.805      -1.322 	      3.199
   806.000 	    275.950 	   1.185422      -3.838      -1.147 	      3.227
   850.000 	    281.350 	   1.156479      -3.148      -0.064 	      2.649
   885.000 	    281.750 	   1.149891      -2.727       0.508 	      2.296
   930.000 	    281.750 	   1.143709      -2.216       1.061 	      1.867
   957.000 	    281.750 	   1.140000      -2.230       1.011 	      1.879
   984.000 	    281.550 	   1.137098      -1.880       0.757 	      1.584
  1038.000 	    281.550 	   1.129674      -1.519       0.536 	      1.280
  1065.000 	    281.550 	   1.125962      -1.533       0.467 	      1.291
  1092.000 	    281.750 	   1.121453      -1.539       0.432 	      1.296
  1129.000 	    281.850 	   1.116111      -1.162       0.271 	      0.979
  1221.000 	    281.950 	   1.103360      -1.554       0.326 	      1.309
  1239.000 	    281.950 	   1.100889      -1.554       0.326 	      1.309
  1267.000 	    281.750 	   1.097961      -1.554       0.326 	      1.309
  1286.000 	    281.550 	   1.096266      -1.558       0.290 	      1.312
  1332.000 	    281.150 	   1.091630      -1.948       0.363 	      1.640
  1445.000 	    280.550 	   1.079064      -2.343       0.382 	      1.972
  1483.000 	    280.350 	   1.074863      -2.348       0.329 	      1.976
  1493.000 	    280.150 	   1.074387      -2.348       0.329 	      1.976
  1540.000 	    280.550 	   1.066647      -2.348       0.329 	      1.976
  1598.000 	    280.750 	   1.058442      -2.744       0.321 	      2.310
  1627.000 	    280.750 	   1.054719      -2.744       0.321 	      2.310
  1872.000 	    280.550 	   1.024428      -4.312       0.504 	      3.629
  2013.000 	    280.350 	   1.007762      -5.117       0.013 	      4.306
  2064.000 	    280.350 	   1.001549      -5.103       0.480 	      4.295
  2135.000 	    279.950 	   0.994269      -5.423       1.264 	      4.566
  2248.000 	    279.450 	   0.982336      -5.491      -0.614 	      4.619
  2384.000 	    278.750 	   0.968556      -6.663       0.779 	      5.609
  2501.000 	    278.150 	   0.956868      -6.593      -1.502 	      5.545
  2544.000 	    277.950 	   0.952543      -6.265      -0.844 	      5.270
  2576.000 	    277.950 	   0.948783      -5.897      -0.389 	      4.961
  2663.000 	    277.150 	   0.941466      -5.096       0.596 	      4.289
  2706.000 	    276.750 	   0.937792      -5.109       0.363 	      4.300
  2772.000 	    276.050 	   0.932598      -5.117       0.013 	      4.306
  2871.000 	    274.950 	   0.924926      -5.117       0.013 	      4.306
  2882.000 	    274.850 	   0.923995      -5.117       0.013 	      4.306
  2937.000 	    274.550 	   0.918660      -5.502       0.391 	      4.631
  2982.000 	    274.350 	   0.914251      -5.488       0.642 	      4.619
  3004.000 	    274.350 	   0.911711      -5.478       0.767 	      4.611
  3072.000 	    273.950 	   0.905412      -5.811       1.355 	      4.893
  3208.000 	    273.150 	   0.892760      -5.811       1.355 	      4.893
  3242.000 	    272.950 	   0.889585      -6.272       0.733 	      5.279
  3254.000 	    272.850 	   0.888634      -6.281       0.590 	      5.286
  3346.000 	    272.450 	   0.879710      -7.081      -0.305 	      5.958
  3393.000 	    272.250 	   0.875238      -7.452      -0.833 	      6.269
  3498.000 	    271.850 	   0.864992      -7.084      -0.143 	      5.961
  3533.000 	    271.650 	   0.861782      -7.085       0.018 	      5.962
  3569.000 	    271.250 	   0.859200      -7.085       0.018 	      5.962
  3761.000 	    269.650 	   0.843627      -8.252       0.587 	      6.946
  3980.000 	    267.750 	   0.826194      -9.407       1.100 	      7.919
  4192.000 	    265.850 	   0.809822      -9.413      -1.052 	      7.919
  4218.000 	    265.650 	   0.807809      -9.413      -1.052 	      7.919
  4306.000 	    265.050 	   0.800437      -8.989      -1.419 	      7.561
  4447.000 	    263.750 	   0.789853      -8.145      -1.855 	      6.850
  4669.000 	    261.650 	   0.773558      -8.265       0.021 	      6.955
  4735.000 	    261.050 	   0.768664      -7.871      -0.159 	      6.623
  4775.000 	    260.850 	   0.765247      -7.868      -0.339 	      6.620
  4855.000 	    260.050 	   0.759563      -7.854      -0.698 	      6.608
  4909.000 	    259.850 	   0.754785      -7.452      -0.833 	      6.269
  4923.000 	    259.750 	   0.753735      -7.452      -0.833 	      6.269
  4950.000 	    259.650 	   0.751342      -7.440      -1.003 	      6.258
  5154.000 	    257.950 	   0.736035      -7.991      -2.775 	      6.718
  5365.000 	    256.250 	   0.720526      -8.147      -3.850 	      6.847
  5508.000 	    255.050 	   0.710257      -9.308      -2.120 	      7.828
  5624.000 	    254.550 	   0.700704     -10.472      -2.385 	      8.807
  5653.000 	    254.450 	   0.698241     -10.502      -2.146 	      8.832
  5711.000 	    253.850 	   0.694402     -10.528      -1.906 	      8.856
  5800.000 	    253.250 	   0.687794     -10.197      -1.140 	      8.579
  6054.000 	    251.050 	   0.670231     -10.472      -2.385 	      8.807
  6177.000 	    250.050 	   0.661766     -10.528      -1.906 	      8.856
  6379.000 	    248.450 	   0.647800     -10.572      -1.425 	      8.894
  6426.000 	    248.150 	   0.644371     -10.589      -1.183 	      8.909
  6781.000 	    245.850 	   0.619226      -8.145      -1.855 	      6.850
  6996.000 	    244.250 	   0.604740      -7.844      -0.877 	      6.599
  7410.000 	    241.050 	   0.578084      -8.659       0.022 	      7.287
  7499.000 	    240.450 	   0.572282      -8.265       0.021 	      6.955
  7716.000 	    238.950 	   0.558380      -9.021      -1.008 	      7.589
  7753.000 	    238.650 	   0.556162      -9.021      -1.008 	      7.589
  8361.000 	    233.250 	   0.521245     -11.019      -0.223 	      9.272
  8500.000 	    232.450 	   0.512548     -11.414       0.029 	      9.605
  8722.000 	    230.450 	   0.500367     -11.012       0.531 	      9.268
  8784.000 	    230.050 	   0.496695     -11.003       0.782 	      9.261
  9054.000 	    227.650 	   0.482037     -10.583       1.238 	      8.909
  9380.000 	    224.650 	   0.465214     -12.550      -1.403 	     10.558
  9467.000 	    223.850 	   0.460651     -12.943      -1.446 	     10.888
  9967.000 	    219.450 	   0.434963     -14.945       0.720 	     12.578
 10014.000 	    219.250 	   0.432182     -15.326       1.089 	     12.899
 10085.000 	    218.450 	   0.428981     -15.719       1.117 	     13.230
 10180.000 	    218.250 	   0.422989     -16.071       1.879 	     13.528
 10253.000 	    218.450 	   0.417818     -16.434       2.300 	     13.834
 10301.000 	    218.250 	   0.415008     -16.401       2.675 	     13.807
 10550.000 	    216.450 	   0.402365     -17.432       4.064 	     14.678
 10651.000 	    215.650 	   0.397396     -17.819       4.155 	     15.004
 11100.000 	    212.050 	   0.376214     -18.699       3.484 	     15.743
 11839.000 	    207.450 	   0.340895     -19.991       2.338 	     16.827
 11930.000 	    206.850 	   0.336831     -19.991       2.338 	     16.827
 11991.000 	    206.450 	   0.334109     -19.599       2.292 	     16.497
 12633.000 	    204.250 	   0.303596     -17.318       0.044 	     14.573
 12804.000 	    204.050 	   0.295357     -15.287       1.788 	     12.868
 12979.000 	    203.850 	   0.287102     -13.705      -1.847 	     11.529
 13052.000 	    204.950 	   0.282162     -12.799      -2.915 	     10.764
 13199.000 	    207.250 	   0.272307     -11.621       2.709 	      9.785
 13430.000 	    208.550 	   0.260587      -7.516       8.285 	      6.343
 13508.000 	    209.050 	   0.256631      -6.313       7.734 	      5.329
 13548.000 	    208.850 	   0.255208      -5.547       7.289 	      4.684
 13589.000 	    208.650 	   0.253783      -4.826       8.119 	      4.078
 13670.000 	    210.250 	   0.248538      -3.468       9.799 	      2.939
 13711.000 	    210.650 	   0.246412      -2.668       9.674 	      2.266
 13877.000 	    209.650 	   0.240941      -2.012       9.943 	      1.714
 14092.000 	    208.250 	   0.234197      -2.935       6.690 	      2.484
 14314.000 	    210.650 	   0.223260       0.025       9.774 	      0.000
 14497.000 	    210.250 	   0.217057       1.238       5.959 	     -1.029
 14591.000 	    210.050 	   0.213946       0.499       7.173 	     -0.404
 14734.000 	    209.650 	   0.209370       1.494       5.313 	     -1.246
 14880.000 	    209.350 	   0.204677       0.249       3.586 	     -0.202
 14930.000 	    209.250 	   0.203110      -0.330       5.125 	      0.289
 15082.000 	    208.850 	   0.198495       0.570       8.198 	     -0.462
 15237.000 	    208.550 	   0.193770      -2.001       7.256 	      1.699
 15560.000 	    207.750 	   0.184455       1.753       8.442 	     -1.457
 16140.000 	    206.450 	   0.168742       5.344      12.014 	     -4.471
 16510.000 	    205.550 	   0.159312       3.563       8.010 	     -2.981
 16639.000 	    205.250 	   0.156150       1.045       7.596 	     -0.863
 16704.000 	    205.050 	   0.154604       0.021       8.230 	      0.000
 16905.000 	    204.650 	   0.149799       2.372      11.422 	     -1.972
 17627.000 	    202.850 	   0.133955       4.356      12.110 	     -3.639
 17719.000 	    202.650 	   0.132024       4.162      13.344 	     -3.474
 17940.000 	    203.350 	   0.126773       3.404      16.388 	     -2.829
 18029.000 	    203.650 	   0.124704       4.347      15.457 	     -3.625
 18270.000 	    202.050 	   0.120692       7.032      13.045 	     -5.889
 18528.000 	    201.450 	   0.115863       8.382      12.982 	     -7.026
 19178.000 	    199.850 	   0.104589       7.366      11.409 	     -6.174
 19337.000 	    199.450 	   0.102004       6.334      14.239 	     -5.299
 20065.000 	    200.850 	   0.089498       7.324      16.464 	     -6.127
 20250.000 	    200.050 	   0.087070       7.521      16.909 	     -6.293
 20368.000 	    199.950 	   0.085371       6.366      17.700 	     -5.319
 20612.000 	    199.850 	   0.081928      11.169      14.521 	     -9.368
 20998.000 	    199.650 	   0.076775       9.300      17.252 	     -7.789
 21847.000 	    196.350 	   0.067420      14.815      16.164 	    -12.432
 22080.000 	    195.450 	   0.065057      13.634      17.117 	    -11.436
 22159.000 	    195.550 	   0.064133      13.403      17.425 	    -11.242
 22320.000 	    195.750 	   0.062288      13.462      20.850 	    -11.283
 22420.000 	    195.850 	   0.061189      15.355      21.405 	    -12.875
 22486.000 	    195.650 	   0.060539      16.754      21.781 	    -14.052
 22832.000 	    194.550 	   0.057300      19.066      17.359 	    -16.007
 23106.000 	    193.650 	   0.054868      16.869      17.762 	    -14.157
 23200.000 	    194.250 	   0.053802      16.025      17.483 	    -13.447
 23315.000 	    194.850 	   0.052564      16.683      18.856 	    -13.998
 24010.000 	    193.450 	   0.046821      18.288      28.325 	    -15.328
 24392.000 	    192.650 	   0.043942      15.040      28.961 	    -12.594
 24629.000 	    193.850 	   0.041872      13.453      29.067 	    -11.259
 24702.000 	    193.750 	   0.041355      12.866      28.924 	    -10.764
 25434.000 	    192.650 	   0.036528      17.466      32.401 	    -14.628
 25490.000 	    193.050 	   0.036091      17.693      32.822 	    -14.818
 26028.000 	    196.850 	   0.032209      21.082      32.652 	    -17.670
 26667.000 	    198.450 	   0.028614      24.852      32.309 	    -20.844
 26775.000 	    198.750 	   0.028045      24.852      32.309 	    -20.844
 26884.000 	    199.050 	   0.027477      24.852      32.309 	    -20.844
 26997.000 	    199.050 	   0.026952      24.852      32.309 	    -20.844
 28000.000 	    224.500 	   0.025076       0.000       0.000 	      0.000
 30000.000 	    226.500 	   0.018410       0.000       0.000 	      0.000
 32000.000 	    228.500 	   0.013554       0.000       0.000 	      0.000
 34000.000 	    233.700 	   0.009889       0.000       0.000 	      0.000
 36000.000 	    239.300 	   0.007257       0.000       0.000 	      0.000
 38000.000 	    244.800 	   0.005366       0.000       0.000 	      0.000
 40000.000 	    250.400 	   0.003994       0.000       0.000 	      0.000
 42000.000 	    255.900 	   0.002995       0.000       0.000 	      0.000
 44000.000 	    261.400 	   0.002259       0.000       0.000 	      0.000
 46000.000 	    266.900 	   0.001714       0.000       0.000 	      0.000
 48000.000 	    270.600 	   0.001317       0.000       0.000 	      0.000
 50000.000 	    270.600 	   0.001026       0.000       0.000 	      0.000
 52000.000 	    269.000 	   0.000806       0.000       0.000 	      0.000
 54000.000 	    263.500 	   0.000639       0.000       0.000 	      0.000
 56000.000 	    258.000 	   0.000504       0.000       0.000 	      0.000
 58000.000 	    252.500 	   0.000396       0.000       0.000 	      0.000
 60000.000 	    247.000 	   0.000309       0.000       0.000 	      0.000
 62000.000 	    241.500 	   0.000239       0.000       0.000 	      0.000
 64000.000 	    236.000 	   0.000186       0.000       0.000 	      0.000
 66000.000 	    230.500 	   0.000143       0.000       0.000 	      0.000
 68000.000 	    225.100 	   0.000109       0.000       0.000 	      0.000
 70000.000 	    219.600 	   0.000083       0.000       0.000 	      0.000
 72000.000 	    214.300 	   0.000062       0.000       0.000 	      0.000
 74000.000 	    210.300 	   0.000046       0.000       0.000 	      0.000
 76000.000 	    206.400 	   0.000034       0.000       0.000 	      0.000
 78000.000 	    202.500 	   0.000025       0.000       0.000 	      0.000
 80000.000 	    198.600 	   0.000018       0.000       0.000 	      0.000
 82000.000 	    194.700 	   0.000013       0.000       0.000 	      0.000
 84000.000 	    190.800 	   0.000010       0.000       0.000 	      0.000
 86000.000 	    186.900 	   0.000007       0.000       0.000 	      0.000
 96000.000 	    186.900 	   0.000005       0.000       0.000 	      0.000
100000.000 	    186.900 	   0.000003       0.000       0.000 	      0.000
110000.000 	    186.900 	   0.000003       0.000       0.000 	      0.000
